RigidBody
	name rb0
	mass 0.368000
	moi 0.001005 0.001371 0.000460 0.000000 -0.000000 -0.000000
	position -0.000000 -0.012835 0.127885
	orientation 0.000000 0.000000 0.000000 0.000000
	velocity 0.000000 0.000000 0.000000
	angularVelocity 0.000000 0.000000 0.000000
	frictionCoefficient 0.800000
	restitutionCoefficient 0.200000
	thickness 0.030000
	mesh ../data/robotDesigner/motorMeshes/XL-320.obj
	mesh ../data/robotDesigner/motorMeshes/XL-320-MotorPlate.obj
	mesh ../data/robotDesigner/motorMeshes/XL-320-MotorPlate.obj
	mesh ../data/robotDesigner/motorMeshes/XL-320-MotorPlate.obj
	mesh ../data/robotDesigner/motorMeshes/XL-320.obj
	mesh ../data/robotDesigner/motorMeshes/XL-320.obj
	mesh ../data/robotDesigner/motorMeshes/XL-320-MotorPlate.obj
	mesh ../data/robotDesigner/motorMeshes/XL-320.obj
	mesh ../out/tmpBodyMesh.obj
	carveMesh ../data/robotDesigner/motorMeshes/XL-320_BB.obj
	carveMesh None
	carveMesh None
	carveMesh None
	carveMesh ../data/robotDesigner/motorMeshes/XL-320_BB.obj
	carveMesh ../data/robotDesigner/motorMeshes/XL-320_BB.obj
	carveMesh None
	carveMesh ../data/robotDesigner/motorMeshes/XL-320_BB.obj
	carveMesh None
	meshTransformation -0.270599 0.270599 0.653281 0.653281 0.034817 -0.001565 0.050600
	meshTransformation 0.382683 0.000000 0.923880 0.000000 0.026332 0.012835 0.042115
	meshTransformation -0.382683 0.000000 0.923880 0.000000 0.021154 0.012835 -0.042115
	meshTransformation 0.382683 0.000000 0.923880 0.000000 -0.021154 0.012835 -0.042115
	meshTransformation -0.270599 -0.270599 0.653281 -0.653281 -0.029639 -0.001565 -0.050600
	meshTransformation 0.653281 -0.653282 -0.270599 -0.270599 0.029639 -0.001565 -0.050600
	meshTransformation -0.382683 0.000000 0.923880 0.000000 -0.026332 0.012835 0.042115
	meshTransformation 0.653281 0.653282 -0.270599 0.270599 -0.034817 -0.001565 0.050600
	meshTransformation 1.000000 0.000000 0.000000 0.000000 0.000000 0.012835 -0.127885
	CDP Box -0.059817 -0.026565 -0.075600 0.059817 0.023435 0.075600
/End


RigidBody
	name rb1
	mass 0.040000
	moi 0.000011 0.000015 0.000011 -0.000000 0.000004 0.000000
	position -0.045424 -0.014400 0.189092
	orientation 0.000000 0.000000 0.000000 0.000000
	velocity 0.000000 0.000000 0.000000
	angularVelocity 0.000000 0.000000 0.000000
	frictionCoefficient 0.800000
	restitutionCoefficient 0.200000
	thickness 0.030000
	mesh ../data/robotDesigner/motorMeshes/XL-320_HornBracket.obj
	mesh ../data/robotDesigner/motorMeshes/XL-320_HornBracket.obj
	carveMesh ../data/robotDesigner/motorMeshes/XL-320_HornBracket_BB.obj
	carveMesh ../data/robotDesigner/motorMeshes/XL-320_HornBracket_BB.obj
	meshTransformation -0.270598 0.653282 0.653282 -0.270597 -0.010607 -0.000000 0.010607
	meshTransformation 0.653280 0.653282 -0.270599 0.270599 0.010607 0.000000 -0.010607
/End


RigidBody
	name rb2
	mass 0.162000
	moi 0.000149 0.000269 0.000149 -0.000000 0.000114 0.000000
	position -0.077418 -0.014400 0.221086
	orientation 0.000000 0.000000 0.000000 0.000000
	velocity 0.000000 0.000000 0.000000
	angularVelocity 0.000000 0.000000 0.000000
	frictionCoefficient 0.800000
	restitutionCoefficient 0.200000
	thickness 0.030000
	mesh ../data/robotDesigner/motorMeshes/XL-320_BottomBracket.obj
	mesh ../data/robotDesigner/motorMeshes/XL-320_StraightConnector.obj
	mesh ../data/robotDesigner/motorMeshes/XL-320.obj
	mesh ../data/robotDesigner/motorMeshes/XL-320_StraightConnector.obj
	mesh ../data/robotDesigner/motorMeshes/XL-320_HornBracket.obj
	carveMesh ../data/robotDesigner/motorMeshes/XL-320_BottomBracket_BB.obj
	carveMesh ../data/robotDesigner/motorMeshes/XL-320_StraightConnector_BB.obj
	carveMesh ../data/robotDesigner/motorMeshes/XL-320_BB.obj
	carveMesh ../data/robotDesigner/motorMeshes/XL-320_StraightConnector_BB.obj
	carveMesh ../data/robotDesigner/motorMeshes/XL-320_HornBracket_BB.obj
	meshTransformation -0.270598 0.653282 0.653282 -0.270597 0.007246 0.000000 -0.007246
	meshTransformation 0.270597 0.653282 -0.653282 -0.270598 -0.010432 -0.000000 0.010432
	meshTransformation -0.270598 0.653282 0.653282 -0.270597 0.021388 0.000000 -0.021388
	meshTransformation 0.270597 0.653282 -0.653282 -0.270598 -0.031645 -0.000000 0.031645
	meshTransformation -0.270598 0.653282 0.653282 -0.270597 -0.052859 -0.000000 0.052858
/End


RigidBody
	name rb3
	mass 0.162000
	moi 0.000149 0.000269 0.000149 -0.000000 0.000114 0.000000
	position -0.151665 -0.014400 0.295332
	orientation 0.000000 0.000000 0.000000 0.000000
	velocity 0.000000 0.000000 0.000000
	angularVelocity 0.000000 0.000000 0.000000
	frictionCoefficient 0.800000
	restitutionCoefficient 0.200000
	thickness 0.030000
	mesh ../data/robotDesigner/motorMeshes/XL-320_HornBracket.obj
	mesh ../data/robotDesigner/motorMeshes/XL-320.obj
	mesh ../data/robotDesigner/motorMeshes/XL-320_StraightConnector.obj
	mesh ../data/robotDesigner/motorMeshes/XL-320_StraightConnector.obj
	mesh ../data/robotDesigner/motorMeshes/XL-320_BottomBracket.obj
	carveMesh ../data/robotDesigner/motorMeshes/XL-320_HornBracket_BB.obj
	carveMesh ../data/robotDesigner/motorMeshes/XL-320_BB.obj
	carveMesh ../data/robotDesigner/motorMeshes/XL-320_StraightConnector_BB.obj
	carveMesh ../data/robotDesigner/motorMeshes/XL-320_StraightConnector_BB.obj
	carveMesh ../data/robotDesigner/motorMeshes/XL-320_BottomBracket_BB.obj
	meshTransformation -0.270598 0.653282 0.653282 -0.270597 -0.052859 -0.000000 0.052858
	meshTransformation -0.270598 0.653282 0.653282 -0.270597 0.021388 0.000000 -0.021388
	meshTransformation 0.270597 0.653282 -0.653282 -0.270598 -0.010432 -0.000000 0.010432
	meshTransformation 0.270597 0.653282 -0.653282 -0.270598 -0.031645 -0.000000 0.031645
	meshTransformation -0.270598 0.653282 0.653282 -0.270597 0.007246 0.000000 -0.007246
/End


RigidBody
	name rb4
	mass 0.142000
	moi 0.000082 0.000138 0.000082 -0.000000 0.000051 0.000000
	position -0.218466 -0.014400 0.362134
	orientation 0.000000 0.000000 0.000000 0.000000
	velocity 0.000000 0.000000 0.000000
	angularVelocity 0.000000 0.000000 0.000000
	frictionCoefficient 0.800000
	restitutionCoefficient 0.200000
	thickness 0.030000
	mesh ../data/robotDesigner/motorMeshes/XL-320_BottomBracket.obj
	mesh ../data/robotDesigner/motorMeshes/XL-320.obj
	mesh ../data/robotDesigner/motorMeshes/XL-320_StraightConnector.obj
	mesh ../data/robotDesigner/motorMeshes/XL-320_PointFoot.obj
	carveMesh ../data/robotDesigner/motorMeshes/XL-320_BottomBracket_BB.obj
	carveMesh ../data/robotDesigner/motorMeshes/XL-320_BB.obj
	carveMesh ../data/robotDesigner/motorMeshes/XL-320_StraightConnector_BB.obj
	carveMesh ../data/robotDesigner/motorMeshes/XL-320_PointFoot_BB.obj
	meshTransformation -0.270598 0.653282 0.653282 -0.270597 -0.000199 -0.000000 0.000199
	meshTransformation -0.270598 0.653282 0.653282 -0.270597 0.013943 0.000000 -0.013943
	meshTransformation 0.270597 0.653282 -0.653282 -0.270598 -0.017877 -0.000000 0.017877
	meshTransformation -0.270598 0.653282 0.653282 -0.270597 -0.039090 -0.000000 0.039090
	endEffector -0.049697 -0.000000 0.049697 0.010000
	CDP Sphere -0.049697 -0.000000 0.049697 0.010000
/End


RigidBody
	name rb5
	mass 0.040000
	moi 0.000011 0.000015 0.000011 -0.000000 -0.000004 -0.000000
	position 0.045424 -0.014400 0.189092
	orientation 0.000000 0.000000 0.000000 0.000000
	velocity 0.000000 0.000000 0.000000
	angularVelocity 0.000000 0.000000 0.000000
	frictionCoefficient 0.800000
	restitutionCoefficient 0.200000
	thickness 0.030000
	mesh ../data/robotDesigner/motorMeshes/XL-320_HornBracket.obj
	mesh ../data/robotDesigner/motorMeshes/XL-320_HornBracket.obj
	carveMesh ../data/robotDesigner/motorMeshes/XL-320_HornBracket_BB.obj
	carveMesh ../data/robotDesigner/motorMeshes/XL-320_HornBracket_BB.obj
	meshTransformation -0.270599 0.270599 0.653281 0.653281 -0.010607 0.000000 -0.010607
	meshTransformation 0.653282 -0.270598 -0.270598 0.653282 0.010607 -0.000000 0.010607
/End


RigidBody
	name rb6
	mass 0.162000
	moi 0.000149 0.000269 0.000149 -0.000000 -0.000114 -0.000000
	position 0.077418 -0.014400 0.221086
	orientation 0.000000 0.000000 0.000000 0.000000
	velocity 0.000000 0.000000 0.000000
	angularVelocity 0.000000 0.000000 0.000000
	frictionCoefficient 0.800000
	restitutionCoefficient 0.200000
	thickness 0.030000
	mesh ../data/robotDesigner/motorMeshes/XL-320_StraightConnector.obj
	mesh ../data/robotDesigner/motorMeshes/XL-320_HornBracket.obj
	mesh ../data/robotDesigner/motorMeshes/XL-320_StraightConnector.obj
	mesh ../data/robotDesigner/motorMeshes/XL-320.obj
	mesh ../data/robotDesigner/motorMeshes/XL-320_BottomBracket.obj
	carveMesh ../data/robotDesigner/motorMeshes/XL-320_StraightConnector_BB.obj
	carveMesh ../data/robotDesigner/motorMeshes/XL-320_HornBracket_BB.obj
	carveMesh ../data/robotDesigner/motorMeshes/XL-320_StraightConnector_BB.obj
	carveMesh ../data/robotDesigner/motorMeshes/XL-320_BB.obj
	carveMesh ../data/robotDesigner/motorMeshes/XL-320_BottomBracket_BB.obj
	meshTransformation 0.653282 0.270598 -0.270598 -0.653282 0.010432 0.000000 0.010432
	meshTransformation 0.653281 -0.270599 -0.270599 0.653283 0.052859 0.000000 0.052858
	meshTransformation 0.653281 0.270599 -0.270599 -0.653283 0.031645 0.000000 0.031645
	meshTransformation 0.653281 -0.270598 -0.270598 0.653283 -0.021388 -0.000000 -0.021388
	meshTransformation 0.653280 -0.270598 -0.270598 0.653284 -0.007246 -0.000000 -0.007246
/End


RigidBody
	name rb7
	mass 0.162000
	moi 0.000149 0.000269 0.000149 -0.000000 -0.000114 -0.000000
	position 0.151664 -0.014400 0.295333
	orientation 0.000000 0.000000 0.000000 0.000000
	velocity 0.000000 0.000000 0.000000
	angularVelocity 0.000000 0.000000 0.000000
	frictionCoefficient 0.800000
	restitutionCoefficient 0.200000
	thickness 0.030000
	mesh ../data/robotDesigner/motorMeshes/XL-320.obj
	mesh ../data/robotDesigner/motorMeshes/XL-320_BottomBracket.obj
	mesh ../data/robotDesigner/motorMeshes/XL-320_StraightConnector.obj
	mesh ../data/robotDesigner/motorMeshes/XL-320_StraightConnector.obj
	mesh ../data/robotDesigner/motorMeshes/XL-320_HornBracket.obj
	carveMesh ../data/robotDesigner/motorMeshes/XL-320_BB.obj
	carveMesh ../data/robotDesigner/motorMeshes/XL-320_BottomBracket_BB.obj
	carveMesh ../data/robotDesigner/motorMeshes/XL-320_StraightConnector_BB.obj
	carveMesh ../data/robotDesigner/motorMeshes/XL-320_StraightConnector_BB.obj
	carveMesh ../data/robotDesigner/motorMeshes/XL-320_HornBracket_BB.obj
	meshTransformation 0.653279 -0.270599 -0.270599 0.653284 -0.021388 -0.000000 -0.021388
	meshTransformation 0.653278 -0.270600 -0.270600 0.653286 -0.007246 -0.000000 -0.007246
	meshTransformation 0.653283 0.270600 -0.270600 -0.653281 0.010432 0.000000 0.010432
	meshTransformation 0.653280 0.270601 -0.270601 -0.653284 0.031645 0.000000 0.031645
	meshTransformation 0.653279 -0.270601 -0.270601 0.653285 0.052858 0.000000 0.052859
/End


RigidBody
	name rb8
	mass 0.142000
	moi 0.000082 0.000138 0.000082 -0.000000 -0.000051 -0.000000
	position 0.218466 -0.014399 0.362134
	orientation 0.000000 0.000000 0.000000 0.000000
	velocity 0.000000 0.000000 0.000000
	angularVelocity 0.000000 0.000000 0.000000
	frictionCoefficient 0.800000
	restitutionCoefficient 0.200000
	thickness 0.030000
	mesh ../data/robotDesigner/motorMeshes/XL-320.obj
	mesh ../data/robotDesigner/motorMeshes/XL-320_PointFoot.obj
	mesh ../data/robotDesigner/motorMeshes/XL-320_StraightConnector.obj
	mesh ../data/robotDesigner/motorMeshes/XL-320_BottomBracket.obj
	carveMesh ../data/robotDesigner/motorMeshes/XL-320_BB.obj
	carveMesh ../data/robotDesigner/motorMeshes/XL-320_PointFoot_BB.obj
	carveMesh ../data/robotDesigner/motorMeshes/XL-320_StraightConnector_BB.obj
	carveMesh ../data/robotDesigner/motorMeshes/XL-320_BottomBracket_BB.obj
	meshTransformation 0.653276 -0.270602 -0.270602 0.653288 -0.013943 -0.000000 -0.013943
	meshTransformation 0.653271 -0.270604 -0.270604 0.653293 0.039090 0.000001 0.039091
	meshTransformation 0.653284 0.270604 -0.270604 -0.653280 0.017877 0.000000 0.017877
	meshTransformation 0.653271 -0.270604 -0.270604 0.653293 0.000199 -0.000000 0.000199
	endEffector 0.049696 0.000001 0.049697 0.010000
	CDP Sphere 0.049696 0.000001 0.049697 0.010000
/End


RigidBody
	name rb9
	mass 0.040000
	moi 0.000011 0.000015 0.000011 -0.000000 -0.000004 0.000000
	position -0.040246 -0.014400 0.066678
	orientation 0.000000 0.000000 0.000000 0.000000
	velocity 0.000000 0.000000 0.000000
	angularVelocity 0.000000 0.000000 0.000000
	frictionCoefficient 0.800000
	restitutionCoefficient 0.200000
	thickness 0.030000
	mesh ../data/robotDesigner/motorMeshes/XL-320_HornBracket.obj
	mesh ../data/robotDesigner/motorMeshes/XL-320_HornBracket.obj
	carveMesh ../data/robotDesigner/motorMeshes/XL-320_HornBracket_BB.obj
	carveMesh ../data/robotDesigner/motorMeshes/XL-320_HornBracket_BB.obj
	meshTransformation 0.270597 0.653282 0.653282 0.270598 -0.010607 -0.000000 -0.010607
	meshTransformation -0.270599 -0.270599 0.653281 -0.653281 0.010607 0.000000 0.010607
/End


RigidBody
	name rb10
	mass 0.142000
	moi 0.000082 0.000138 0.000082 -0.000000 -0.000051 -0.000000
	position -0.064796 -0.014400 0.042129
	orientation 0.000000 0.000000 0.000000 0.000000
	velocity 0.000000 0.000000 0.000000
	angularVelocity 0.000000 0.000000 0.000000
	frictionCoefficient 0.800000
	restitutionCoefficient 0.200000
	thickness 0.030000
	mesh ../data/robotDesigner/motorMeshes/XL-320_StraightConnector.obj
	mesh ../data/robotDesigner/motorMeshes/XL-320_BottomBracket.obj
	mesh ../data/robotDesigner/motorMeshes/XL-320_HornBracket.obj
	mesh ../data/robotDesigner/motorMeshes/XL-320.obj
	carveMesh ../data/robotDesigner/motorMeshes/XL-320_StraightConnector_BB.obj
	carveMesh ../data/robotDesigner/motorMeshes/XL-320_BottomBracket_BB.obj
	carveMesh ../data/robotDesigner/motorMeshes/XL-320_HornBracket_BB.obj
	carveMesh ../data/robotDesigner/motorMeshes/XL-320_BB.obj
	meshTransformation -0.270598 0.653282 -0.653282 0.270597 -0.017877 -0.000000 -0.017877
	meshTransformation 0.270597 0.653282 0.653282 0.270598 -0.000199 -0.000000 -0.000199
	meshTransformation 0.270597 0.653282 0.653282 0.270598 -0.039090 -0.000000 -0.039090
	meshTransformation 0.270597 0.653282 0.653282 0.270598 0.013943 0.000000 0.013943
/End


RigidBody
	name rb11
	mass 0.142000
	moi 0.000082 0.000138 0.000082 -0.000000 -0.000051 -0.000000
	position -0.117829 -0.014400 -0.010904
	orientation 0.000000 0.000000 0.000000 0.000000
	velocity 0.000000 0.000000 0.000000
	angularVelocity 0.000000 0.000000 0.000000
	frictionCoefficient 0.800000
	restitutionCoefficient 0.200000
	thickness 0.030000
	mesh ../data/robotDesigner/motorMeshes/XL-320_BottomBracket.obj
	mesh ../data/robotDesigner/motorMeshes/XL-320_StraightConnector.obj
	mesh ../data/robotDesigner/motorMeshes/XL-320.obj
	mesh ../data/robotDesigner/motorMeshes/XL-320_HornBracket.obj
	carveMesh ../data/robotDesigner/motorMeshes/XL-320_BottomBracket_BB.obj
	carveMesh ../data/robotDesigner/motorMeshes/XL-320_StraightConnector_BB.obj
	carveMesh ../data/robotDesigner/motorMeshes/XL-320_BB.obj
	carveMesh ../data/robotDesigner/motorMeshes/XL-320_HornBracket_BB.obj
	meshTransformation 0.270597 0.653282 0.653282 0.270598 -0.000199 -0.000000 -0.000199
	meshTransformation -0.270598 0.653282 -0.653282 0.270597 -0.017877 -0.000000 -0.017877
	meshTransformation 0.270597 0.653282 0.653282 0.270598 0.013943 0.000000 0.013943
	meshTransformation 0.270597 0.653282 0.653282 0.270598 -0.039090 -0.000000 -0.039090
/End


RigidBody
	name rb12
	mass 0.142000
	moi 0.000082 0.000138 0.000082 -0.000000 -0.000051 -0.000000
	position -0.170862 -0.014400 -0.063937
	orientation 0.000000 0.000000 0.000000 0.000000
	velocity 0.000000 0.000000 0.000000
	angularVelocity 0.000000 0.000000 0.000000
	frictionCoefficient 0.800000
	restitutionCoefficient 0.200000
	thickness 0.030000
	mesh ../data/robotDesigner/motorMeshes/XL-320_PointFoot.obj
	mesh ../data/robotDesigner/motorMeshes/XL-320.obj
	mesh ../data/robotDesigner/motorMeshes/XL-320_StraightConnector.obj
	mesh ../data/robotDesigner/motorMeshes/XL-320_BottomBracket.obj
	carveMesh ../data/robotDesigner/motorMeshes/XL-320_PointFoot_BB.obj
	carveMesh ../data/robotDesigner/motorMeshes/XL-320_BB.obj
	carveMesh ../data/robotDesigner/motorMeshes/XL-320_StraightConnector_BB.obj
	carveMesh ../data/robotDesigner/motorMeshes/XL-320_BottomBracket_BB.obj
	meshTransformation 0.270597 0.653282 0.653282 0.270598 -0.039090 0.000000 -0.039090
	meshTransformation 0.270597 0.653282 0.653282 0.270598 0.013943 -0.000000 0.013943
	meshTransformation -0.270598 0.653282 -0.653282 0.270597 -0.017877 -0.000000 -0.017877
	meshTransformation 0.270597 0.653282 0.653282 0.270598 -0.000199 -0.000000 -0.000199
	endEffector -0.049697 0.000000 -0.049697 0.010000
	CDP Sphere -0.049697 0.000000 -0.049697 0.010000
/End


RigidBody
	name rb13
	mass 0.040000
	moi 0.000011 0.000015 0.000011 0.000000 0.000004 -0.000000
	position 0.040246 -0.014400 0.066678
	orientation 0.000000 0.000000 0.000000 0.000000
	velocity 0.000000 0.000000 0.000000
	angularVelocity 0.000000 0.000000 0.000000
	frictionCoefficient 0.800000
	restitutionCoefficient 0.200000
	thickness 0.030000
	mesh ../data/robotDesigner/motorMeshes/XL-320_HornBracket.obj
	mesh ../data/robotDesigner/motorMeshes/XL-320_HornBracket.obj
	carveMesh ../data/robotDesigner/motorMeshes/XL-320_HornBracket_BB.obj
	carveMesh ../data/robotDesigner/motorMeshes/XL-320_HornBracket_BB.obj
	meshTransformation 0.653280 -0.653282 -0.270599 -0.270599 -0.010607 0.000000 0.010607
	meshTransformation 0.653282 0.270597 0.270598 0.653282 0.010607 -0.000000 -0.010607
/End


RigidBody
	name rb14
	mass 0.142000
	moi 0.000082 0.000138 0.000082 -0.000000 0.000051 0.000000
	position 0.064796 -0.014400 0.042129
	orientation 0.000000 0.000000 0.000000 0.000000
	velocity 0.000000 0.000000 0.000000
	angularVelocity 0.000000 0.000000 0.000000
	frictionCoefficient 0.800000
	restitutionCoefficient 0.200000
	thickness 0.030000
	mesh ../data/robotDesigner/motorMeshes/XL-320.obj
	mesh ../data/robotDesigner/motorMeshes/XL-320_BottomBracket.obj
	mesh ../data/robotDesigner/motorMeshes/XL-320_HornBracket.obj
	mesh ../data/robotDesigner/motorMeshes/XL-320_StraightConnector.obj
	carveMesh ../data/robotDesigner/motorMeshes/XL-320_BB.obj
	carveMesh ../data/robotDesigner/motorMeshes/XL-320_BottomBracket_BB.obj
	carveMesh ../data/robotDesigner/motorMeshes/XL-320_HornBracket_BB.obj
	carveMesh ../data/robotDesigner/motorMeshes/XL-320_StraightConnector_BB.obj
	meshTransformation 0.653281 0.270598 0.270598 0.653283 -0.013943 -0.000000 0.013943
	meshTransformation 0.653280 0.270598 0.270599 0.653284 0.000199 -0.000000 -0.000199
	meshTransformation 0.653280 0.270598 0.270599 0.653284 0.039090 0.000000 -0.039090
	meshTransformation 0.653282 -0.270599 0.270598 -0.653282 0.017877 0.000000 -0.017877
/End


RigidBody
	name rb15
	mass 0.142000
	moi 0.000082 0.000138 0.000082 -0.000000 0.000051 0.000000
	position 0.117829 -0.014400 -0.010904
	orientation 0.000000 0.000000 0.000000 0.000000
	velocity 0.000000 0.000000 0.000000
	angularVelocity 0.000000 0.000000 0.000000
	frictionCoefficient 0.800000
	restitutionCoefficient 0.200000
	thickness 0.030000
	mesh ../data/robotDesigner/motorMeshes/XL-320.obj
	mesh ../data/robotDesigner/motorMeshes/XL-320_HornBracket.obj
	mesh ../data/robotDesigner/motorMeshes/XL-320_BottomBracket.obj
	mesh ../data/robotDesigner/motorMeshes/XL-320_StraightConnector.obj
	carveMesh ../data/robotDesigner/motorMeshes/XL-320_BB.obj
	carveMesh ../data/robotDesigner/motorMeshes/XL-320_HornBracket_BB.obj
	carveMesh ../data/robotDesigner/motorMeshes/XL-320_BottomBracket_BB.obj
	carveMesh ../data/robotDesigner/motorMeshes/XL-320_StraightConnector_BB.obj
	meshTransformation 0.653279 0.270599 0.270599 0.653285 -0.013943 -0.000000 0.013943
	meshTransformation 0.653277 0.270599 0.270600 0.653287 0.039090 0.000000 -0.039090
	meshTransformation 0.653277 0.270599 0.270600 0.653287 0.000199 -0.000000 -0.000199
	meshTransformation 0.653284 -0.270600 0.270599 -0.653281 0.017877 0.000000 -0.017877
/End


RigidBody
	name rb16
	mass 0.142000
	moi 0.000082 0.000138 0.000082 -0.000000 0.000051 0.000000
	position 0.170862 -0.014399 -0.063938
	orientation 0.000000 0.000000 0.000000 0.000000
	velocity 0.000000 0.000000 0.000000
	angularVelocity 0.000000 0.000000 0.000000
	frictionCoefficient 0.800000
	restitutionCoefficient 0.200000
	thickness 0.030000
	mesh ../data/robotDesigner/motorMeshes/XL-320_BottomBracket.obj
	mesh ../data/robotDesigner/motorMeshes/XL-320.obj
	mesh ../data/robotDesigner/motorMeshes/XL-320_StraightConnector.obj
	mesh ../data/robotDesigner/motorMeshes/XL-320_PointFoot.obj
	carveMesh ../data/robotDesigner/motorMeshes/XL-320_BottomBracket_BB.obj
	carveMesh ../data/robotDesigner/motorMeshes/XL-320_BB.obj
	carveMesh ../data/robotDesigner/motorMeshes/XL-320_StraightConnector_BB.obj
	carveMesh ../data/robotDesigner/motorMeshes/XL-320_PointFoot_BB.obj
	meshTransformation 0.653271 0.270602 0.270602 0.653293 0.000199 -0.000000 -0.000199
	meshTransformation 0.653275 0.270600 0.270601 0.653290 -0.013943 -0.000000 0.013943
	meshTransformation 0.653286 -0.270602 0.270602 -0.653278 0.017877 0.000000 -0.017877
	meshTransformation 0.653271 0.270602 0.270602 0.653293 0.039090 0.000001 -0.039090
	endEffector 0.049697 0.000001 -0.049697 0.010000
	CDP Sphere 0.049697 0.000001 -0.049697 0.010000
/End


	hingeJoint
		jointAxes -0.000000 -1.000001 -0.000000
		dxlID -1
		name rb0_rb1
		parent rb0
		child rb1
		jointCPos 0.010607 0.000000 -0.010607
		jointPPos -0.034817 -0.001565 0.050600
	/Joint


	hingeJoint
		jointAxes -0.707106 0.000000 -0.707109
		dxlID -1
		name rb1_rb2
		parent rb1
		child rb2
		jointCPos 0.021388 0.000000 -0.021388
		jointPPos -0.010607 -0.000000 0.010607
	/Joint


	hingeJoint
		jointAxes -0.707106 0.000000 -0.707109
		dxlID -1
		name rb2_rb3
		parent rb2
		child rb3
		jointCPos 0.021388 0.000000 -0.021388
		jointPPos -0.052859 -0.000000 0.052858
	/Joint


	hingeJoint
		jointAxes -0.707106 0.000000 -0.707109
		dxlID -1
		name rb3_rb4
		parent rb3
		child rb4
		jointCPos 0.013943 0.000000 -0.013943
		jointPPos -0.052859 -0.000000 0.052858
	/Joint


	hingeJoint
		jointAxes -0.000000 1.000001 -0.000000
		dxlID -1
		name rb0_rb5
		parent rb0
		child rb5
		jointCPos -0.010607 0.000000 -0.010607
		jointPPos 0.034817 -0.001565 0.050600
	/Joint


	hingeJoint
		jointAxes -0.707106 -0.000000 0.707108
		dxlID -1
		name rb5_rb6
		parent rb5
		child rb6
		jointCPos -0.021388 -0.000000 -0.021388
		jointPPos 0.010607 -0.000000 0.010607
	/Joint


	hingeJoint
		jointAxes -0.707109 -0.000001 0.707107
		dxlID -1
		name rb6_rb7
		parent rb6
		child rb7
		jointCPos -0.021388 -0.000000 -0.021388
		jointPPos 0.052859 0.000000 0.052858
	/Joint


	hingeJoint
		jointAxes -0.707115 -0.000003 0.707105
		dxlID -1
		name rb7_rb8
		parent rb7
		child rb8
		jointCPos -0.013943 -0.000000 -0.013943
		jointPPos 0.052858 0.000000 0.052859
	/Joint


	hingeJoint
		jointAxes -0.000000 -1.000001 -0.000000
		dxlID -1
		name rb0_rb9
		parent rb0
		child rb9
		jointCPos 0.010607 0.000000 0.010607
		jointPPos -0.029639 -0.001565 -0.050600
	/Joint


	hingeJoint
		jointAxes 0.707106 0.000000 -0.707109
		dxlID -1
		name rb9_rb10
		parent rb9
		child rb10
		jointCPos 0.013943 0.000000 0.013943
		jointPPos -0.010607 -0.000000 -0.010607
	/Joint


	hingeJoint
		jointAxes 0.707106 0.000000 -0.707109
		dxlID -1
		name rb10_rb11
		parent rb10
		child rb11
		jointCPos 0.013943 0.000000 0.013943
		jointPPos -0.039090 -0.000000 -0.039090
	/Joint


	hingeJoint
		jointAxes 0.707106 0.000000 -0.707109
		dxlID -1
		name rb11_rb12
		parent rb11
		child rb12
		jointCPos 0.013943 -0.000000 0.013943
		jointPPos -0.039090 -0.000000 -0.039090
	/Joint


	hingeJoint
		jointAxes -0.000000 1.000001 -0.000000
		dxlID -1
		name rb0_rb13
		parent rb0
		child rb13
		jointCPos -0.010607 0.000000 0.010607
		jointPPos 0.029639 -0.001565 -0.050600
	/Joint


	hingeJoint
		jointAxes 0.707106 0.000001 0.707109
		dxlID -1
		name rb13_rb14
		parent rb13
		child rb14
		jointCPos -0.013943 -0.000000 0.013943
		jointPPos 0.010607 -0.000000 -0.010607
	/Joint


	hingeJoint
		jointAxes 0.707108 0.000003 0.707108
		dxlID -1
		name rb14_rb15
		parent rb14
		child rb15
		jointCPos -0.013943 -0.000000 0.013943
		jointPPos 0.039090 0.000000 -0.039090
	/Joint


	hingeJoint
		jointAxes 0.707111 0.000006 0.707107
		dxlID -1
		name rb15_rb16
		parent rb15
		child rb16
		jointCPos -0.013943 -0.000000 0.013943
		jointPPos 0.039090 0.000000 -0.039090
	/Joint


